10092538
10367071
10508990
10560244
10627139
10636190
10648647
10744792
10832806
11289718
11303067
11434015
11468227
11668638
11743032
11743033
11874988
11960982
12063277
12270925
12591753
12716119
12741719
12838849
14527360
14563681
14642002
14682152
15149424
15159330
15182506
15192835
15214551
15315326
15635208
15685300
15746444
15760896
15761194
15828882
15851652
15890322
15967876
16038262
16050262
16076272
16244680
16265869
16329159
16534005
16565572
16623272
16720674
16771953
16831322
16842670
17088455
17160940
17227789
17432514
17438606
17438608
17445409
17597962
17709632
17852802
18006462
18071069
18209471
18218237
18752142
18785031
19439805
20071715
20140874
20831043
20837891
20855658
20880952
20960613
20960616
20960620
21183741
21936766
21943009
22042885
22797009
23212063
23213782
23963841
24036083
24052033
24289083
24363352
24569898
24670439
24762593
24796621
25232191
25247487
25648353
26066992
26481172
26717233
26888838
27114410
27406603
28356306
29141844
30462973
30571183
30571576
31169106
31447465
31847698
32105015
32469608
32661217
32690115
32940533
33198487
33611903
33941567
35882527
37231805
37427690
38536194
38682330
38939955
39119706
39344617
39936145
40130303
40599130
41834208
41979508
42133816
7788908
8521555
8635257
8790040
8893413
8952843
8995352
9024139
9297927
9445165
9570196
9631873
9694858
9721698
9742063
