10029661
10197590
10318740
10348966
10367071
10369866
10408028
10414310
10470847
10477533
10560595
10607831
10613047
10704188
10721672
10790218
10794667
10816797
10825393
10832806
10843888
10845099
10860023
10868744
10907850
10953551
10958646
10970817
11050278
11087258
11104781
11136691
11136720
11214363
11220365
11238279
11259355
11289718
11334836
11433047
11434015
11479291
11562437
11668638
11743032
11743033
11781952
11799244
11802537
11804849
11832382
11874988
11877438
11885660
11997281
12004990
12080180
12085742
12132284
12237170
12270925
12388934
12402336
12450262
12475990
12511562
12528876
12529362
12552558
12574152
12591753
12649601
12690036
12695286
12741719
12796143
12816752
12835205
12838849
12874112
14521653
14640909
14642002
14682152
14682155
14685754
14691044
14731347
14761891
14769199
15004216
15023549
15030268
15051644
15107590
15140888
15149424
15176421
15182506
15192825
15194462
15214551
15306731
15316073
15321698
15340016
15459184
15466077
15537500
15598972
15613615
15635208
15640067
15662042
15696484
15721865
15731462
15733182
15746444
15761194
15828882
15890322
15924777
15947250
15979599
16001794
16010495
16038262
16039274
16050269
16076272
16234119
16244680
16278279
16319131
16329159
16379539
16432066
16452155
16461811
16478723
16534005
16556865
16556866
16563243
16599043
16608784
16623272
16626671
16754665
16822945
16823764
16891388
16914890
16920806
16945016
16981927
16987820
17001871
17015487
17088455
17091796
17128491
17185994
17255364
17293474
17335661
17347319
17432514
17438609
17497253
17556370
17597962
17626898
17646758
17725765
17911924
17916157
17939752
18071069
18165683
18192214
18216164
18365896
18373596
18587108
18591221
18651418
18690021
18704764
18708744
18729007
18757521
18803136
18836058
18943933
19008479
19013996
19017345
19029186
19060226
19306396
19359601
19507498
19546258
19710534
19733209
19804087
19804318
19846538
19996378
20021289
20026906
20071715
20090423
20193146
20361479
20455992
20484151
20512086
20553101
20573698
20581090
20601449
20837891
20960614
20960619
21133679
21166127
21216356
21228319
21289621
21317414
21410720
21416855
21451124
21493962
21511995
21594822
21649595
21691061
21691077
21859894
21908587
21911611
21943009
22042885
22129298
22206064
22433001
22461049
22515331
22760723
22882672
22966882
23057440
23139254
23182821
23213782
23447643
23502140
23506284
23511928
23651960
23658963
23691991
23718892
23762928
23825229
23961321
23981618
23984860
24112685
24113104
24270299
24371999
24417516
24444412
24508724
24514589
24762593
24812430
24833771
24912595
25232191
25437377
25501231
25795241
25804018
25825726
25872798
26066992
26100882
26115082
26184980
26238466
26634513
26666518
26668384
26679211
26714926
26813553
26888838
26913634
27103454
27111117
27162025
27301936
27323013
27406603
27531917
27868338
27917693
27936942
28185290
28356306
28373572
28535504
28569435
28747083
28749187
28808020
29064790
29141844
29143340
29355047
29473503
29489604
29705154
29921047
30086202
30143482
30246897
30504241
30555071
30571576
30942114
31122183
31162977
31230428
31324086
31696929
31722973
32203936
32259418
32469608
32829658
32936022
32945215
33146005
33198487
33309047
33319906
33321070
33504163
33611903
34057401
34080930
34142889
34404189
34547194
34665019
34761968
34860437
35144896
35311356
35543671
35705464
35731905
35882527
36333139
36809224
37583338
37773058
39051104
39082327
39119706
39303105
39428612
39821444
39870373
39936145
40598957
40661515
41184011
41206177
41474140
41482982
41633676
41693148
41784516
41834728
41971153
42128250
42133816
42165438
7583778
7739116
7788908
8635239
8790040
8872472
8873679
8893413
8904236
8925557
8952843
9024139
9058843
9201970
9234960
9272507
9285950
9295920
9297927
9305853
9307251
9314834
9323054
9328483
9386136
9396783
9404145
9435509
9445165
9476573
9506986
9509262
9511785
9556090
9570196
9593563
9609707
9631873
9641694
9654228
9670922
9677360
9694858
9744062
9835781
9852064
9929573
