10367071
10617684
10832806
11136691
11289718
11307783
11405402
11743032
11743033
11802537
12188452
12380926
12676817
12687841
12741719
12838849
14642002
15182506
15316014
15568605
15673386
15913580
16329159
16415376
16501012
16555697
16623272
16646598
16771953
17060380
17368591
17438607
17438610
17597962
17605181
18427134
18442965
18838563
19694019
19808439
20193146
20960617
20960618
21417023
21447824
22373669
22433001
22647976
22708720
22997159
23064965
23661717
23981618
24270299
24400717
24535447
24561865
24762593
24851643
24852501
27114410
27256236
28482396
29489604
29545480
29705154
29908537
30086202
30462973
30571576
30690642
30968627
31317183
31696929
32437023
32469608
32496703
32628552
33611903
33632346
33797273
33824187
33910361
34010395
34092119
34461752
34856670
34860437
34949099
35060774
35130036
35587416
35588163
35595223
35599151
35612069
35635374
35639065
35640162
35642716
35675436
35684959
35699429
35709541
35730539
35783842
35882527
